3777	3201	3173	4085	6181	3504
5492	706	1317	6834	279	1038
117	677	5413	7434	2603	4284
4027	4611	4283	4028	6032	1787
2081	3193	1511	3324	4467	329
695	1014	3814	7486	2783	2252
3266	340	4145	4269	4521	5811
6936	6927	8027	8289	128	5667
325	554	1736	3138	1507	7460
379	4930	1559	144	7515	4991
3193	706	6181	7434	7486	2081
4085	340	1787	2603	1014	1511
5811	6032	279	4028	4284	128
3138	1317	329	3814	3777	677
7515	3504	325	4991	1038	6936
4283	7460	5413	5492	4145	1559
4269	3173	6834	4027	2783	1507
554	4467	4611	144	8027	5667
695	8289	2252	4930	4521	1736
117	3266	3324	6927	3201	379
1317	1559	5811	325	6936	7434
4991	128	5413	3173	1787	3138
5667	677	554	279	4085	4269
1511	6181	4521	8027	706	4283
8289	329	2783	4145	3324	379
7515	2081	117	6834	1014	3266
1507	2603	3777	7460	695	3193
340	4028	1038	1736	144	4284
6032	4027	3201	2252	5492	4467
3814	7486	4611	3504	4930	6927
2783	7515	4283	128	279	117
677	1787	6181	4145	6936	6834
1014	3173	3193	8027	1317	8289
329	2252	7460	4085	3266	4028
4611	4991	3138	5492	1507	7434
3324	4930	325	5413	6032	340
706	1736	4269	4467	3814	2603
6927	4284	2081	3504	4521	554
379	1038	7486	1559	4027	3777
1511	5811	144	5667	695	3201
7460	6834	4085	4611	5413	4930
4269	1507	117	706	325	8289
4284	2252	1787	3193	1317	3324
8027	3777	4991	2783	677	2081
1038	6927	4467	4283	5811	1014
4521	6936	279	3201	3138	7486
1511	4028	1559	6181	379	3814
2603	3266	5492	144	554	128
3504	7434	4027	340	329	5667
6032	1736	695	4145	7515	3173
1787	5413	4269	1038	8027	4521
3193	5811	2783	4930	3138	4085
7486	8289	144	677	1511	6834
3777	3324	1014	554	7434	4028
6181	7460	4467	117	3504	1317
6936	379	3266	1736	4283	3173
329	3814	6032	2603	4991	279
7515	3201	128	4611	340	706
1507	5667	4145	2081	1559	2252
325	6927	695	4027	5492	4284
554	7486	3777	1787	117	5811
4467	7434	3266	8289	4085	1038
3324	7460	340	3173	3814	6936
4521	4611	2783	6181	1736	329
1507	4028	7515	1317	1511	6927
279	144	3504	5413	3193	4027
4284	8027	1014	4991	4145	3201
706	5667	6032	3138	695	379
128	2081	5492	677	4269	4930
2252	6834	2603	1559	4283	325
340	1736	6927	279	3777	3193
1038	117	4145	3173	1511	4611
695	4467	706	4028	5413	6936
677	5492	7460	1014	379	4521
1559	6834	3504	128	3324	3138
2252	6181	4991	5811	8289	554
3814	325	1507	3266	5667	1787
4284	4283	7486	4269	329	7515
2783	4085	1317	6032	2081	144
4930	2603	4027	3201	7434	8027
4521	3193	4028	6834	4991	117
3266	279	1559	1787	4611	695
7486	4145	677	4467	325	340
6936	4284	1511	3777	2783	5492
379	3504	8027	5811	2252	1507
4283	128	4085	1317	4027	1736
329	3173	4930	1014	554	706
2081	3201	8289	5413	3814	7515
6927	144	7434	7460	4269	6032
5667	3138	2603	3324	1038	6181